(4284, 8.995026137028096e-05)
(2520, 5.006626473078435e-05)
(4032, 6.810422810690793e-05)
(0, 0.00021895435272907836)
(252, 0.00015623632178042956)
(3906, 5.3982676351370796e-05)
(2646, 6.325103993068129e-05)
(3780, 0.00011528550039550219)
(504, 4.283535186397681e-05)
(3654, 3.936485150732441e-05)
(126, 0.00020276228530343015)
(4158, 3.531875810398763e-05)
(3528, 4.3238889052457015e-05)
(630, 4.191614700575874e-05)
(5292, 4.3002344868262026e-05)
(4536, 3.5891830625931784e-05)
(7056, 4.1072798268717854e-05)
(882, 3.000020516608174e-05)
(128, 6.139902121929212e-05)
(254, 9.490958099512788e-05)
(4286, 6.191658110337253e-05)
(4034, 5.324750879526238e-05)
(3908, 9.080067417604947e-05)
(2522, 3.872867352267883e-05)
(4538, 4.252023692086816e-05)
(4160, 9.737151398146779e-05)
(3530, 0.00016059095054336877)
(758, 4.0557914650634296e-05)
(2, 0.00024139088392704383)
(3782, 4.9567212657467775e-05)
(3656, 3.0521983871618875e-05)
(2648, 3.8004594551447284e-05)
(884, 3.176145482165727e-05)
(632, 6.447933783399678e-05)
(4664, 0.00017182301895769827)
(1010, 2.9391436986498497e-05)
(4036, 0.00018347242361203416)
(382, 0.0001902334481584927)
(2524, 3.977346712596539e-05)
(3658, 4.525094319498807e-05)
(2650, 5.753651807947872e-05)
(4540, 4.6417979145882287e-05)
(256, 9.796135122741589e-05)
(3910, 6.161139728541991e-05)
(508, 3.6877342434263155e-05)
(130, 0.00012646147687159535)
(3532, 4.171553535054082e-05)
(4288, 4.108645751024161e-05)
(4, 9.323567498353125e-05)
(4162, 3.0492973795330717e-05)
(634, 8.495751150521142e-05)
(5044, 3.0102599352858116e-05)
(5170, 4.0006829310665695e-05)
(3784, 3.4395385455957746e-05)
(886, 2.820230743644025e-05)
(2526, 4.160981271039597e-05)
(3912, 0.0001881469847224081)
(4542, 5.825331347210961e-05)
(384, 0.00010771023544471751)
(258, 8.758419001172716e-05)
(132, 0.00012864025974895145)
(3660, 5.965991833250191e-05)
(4038, 7.066638998385648e-05)
(3786, 3.2760456138538966e-05)
(3534, 3.2964470045510996e-05)
(6, 5.4183835897089854e-05)
(2652, 3.3889678535428345e-05)
(510, 3.4590462527634695e-05)
(636, 6.223792130859154e-05)
(4416, 4.486263052208399e-05)
(3536, 5.140401231965925e-05)
(386, 4.7571220799708116e-05)
(2528, 3.482828491334173e-05)
(1520, 2.8881979991719227e-05)
(2402, 0.000152991827779364)
(260, 4.5354397926070844e-05)
(4040, 5.688834811263806e-05)
(2654, 6.723942833731471e-05)
(4166, 0.0003214881336456471)
(4796, 3.4933199934367516e-05)
(134, 0.00010633493279212567)
(3914, 5.8134065422931344e-05)
(8, 4.015898190991102e-05)
(4544, 3.181650029344341e-05)
(4418, 0.00019283104985522598)
(3662, 5.370813171707442e-05)
(3788, 4.997296572849033e-05)
(1898, 2.871956057771668e-05)
(1394, 2.8900620384562137e-05)
(890, 2.8185724902319895e-05)
(4670, 5.26392039313403e-05)
(3538, 0.00018718926347904318)
(640, 3.966847442436819e-05)
(4294, 0.00011691903222817402)
(4042, 0.0001061508437508055)
(4546, 7.218351775539922e-05)
(262, 7.135463081513458e-05)
(136, 5.466650002318808e-05)
(3916, 5.694105691768726e-05)
(4420, 3.4957978227663435e-05)
(3664, 8.270597390193009e-05)
(3790, 9.682579258027174e-05)
(10, 3.090068552652457e-05)
(1522, 2.8820677425781406e-05)
(2404, 6.942130274396302e-05)
(2656, 2.9310700013340857e-05)
(4168, 2.9647564440408993e-05)
(2530, 5.776688675536226e-05)
(514, 3.525920040678161e-05)
(892, 3.0027541621701647e-05)
(642, 5.049554596537017e-05)
(4422, 8.183648491242813e-05)
(4296, 6.503263720507962e-05)
(138, 0.00017569264583205054)
(4044, 0.00017678946154756056)
(2406, 5.4985331516094656e-05)
(2658, 0.0001541074842713175)
(264, 7.901047471723955e-05)
(2532, 2.839476974928815e-05)
(390, 0.00021679995271394451)
(3792, 4.431289600607188e-05)
(894, 6.7608842048687e-05)
(3666, 6.647799592915896e-05)
(4548, 8.665347335722531e-05)
(1146, 3.2160568643388145e-05)
(3540, 3.9198299899013155e-05)
(3918, 0.00026009009561016647)
(516, 3.4753486150752024e-05)
(4170, 2.963345144479161e-05)
(12, 3.2649346362253364e-05)
(392, 0.0003152206509959838)
(896, 3.563361467158812e-05)
(2408, 3.3151237733406794e-05)
(3794, 4.618179437925632e-05)
(4172, 0.00018955947713989146)
(266, 5.401284423051215e-05)
(3668, 5.209280215587321e-05)
(4046, 6.65413046720434e-05)
(14, 0.00017426845047013582)
(4298, 4.14351967802769e-05)
(3920, 4.9536646496196836e-05)
(2534, 8.914151786503981e-05)
(518, 3.263320733606575e-05)
(140, 8.912421091799765e-05)
(4424, 4.214289824256293e-05)
(3542, 9.418638217343397e-05)
(4550, 3.6494326996615054e-05)
(2660, 5.79846681554739e-05)
(1022, 6.201533764647408e-05)
(16, 7.378410335677497e-05)
(2410, 5.1971961119916396e-05)
(4300, 0.00015944564057142119)
(3796, 5.216159787223489e-05)
(268, 4.2600813525692285e-05)
(2536, 8.304215923540559e-05)
(2662, 5.7852985083158444e-05)
(394, 8.854050911693373e-05)
(3544, 3.7514842018996554e-05)
(898, 3.2104418206529583e-05)
(4174, 2.8681791613098137e-05)
(4678, 3.079806174560302e-05)
(3922, 5.6908726253654415e-05)
(142, 3.2112693611654406e-05)
(3670, 3.1144558614814005e-05)
(1276, 2.8444349789667216e-05)
(4552, 2.8143218697958318e-05)
(2412, 4.505778746597348e-05)
(396, 0.0002017075150654751)
(270, 7.915035931399432e-05)
(648, 3.36891629261151e-05)
(3924, 6.830841133495656e-05)
(4050, 6.743689893611905e-05)
(4554, 4.0014495826739136e-05)
(2538, 6.683571818630287e-05)
(144, 0.00014259859620546392)
(3546, 3.796494182400374e-05)
(4428, 0.00020332008974674405)
(4302, 3.961499558647665e-05)
(3798, 8.120598412958921e-05)
(18, 3.753330592321045e-05)
(2664, 6.541688572259795e-05)
(4680, 3.216110512369754e-05)
(900, 3.499793938283376e-05)
(1530, 3.0075494136639415e-05)
(2034, 2.871956057771668e-05)
(5058, 4.2698443038994865e-05)
(146, 0.00023461525290548434)
(4178, 5.442122058872042e-05)
(524, 9.249341996101754e-05)
(20, 0.00010351306674995079)
(3800, 4.9140956461682364e-05)
(2540, 5.426100760758677e-05)
(272, 4.5245407869410675e-05)
(4430, 3.95580214436954e-05)
(4556, 3.248891343540747e-05)
(4052, 8.01742955435828e-05)
(650, 2.9828250383506225e-05)
(3548, 5.102921524086605e-05)
(2414, 4.136808889314009e-05)
(3926, 0.00017966329001456425)
(3674, 0.00011066391875325027)
(4304, 3.3193272615785176e-05)
(902, 3.402172811384781e-05)
(2666, 0.00011147464692281151)
(1784, 2.849564151280802e-05)
(1280, 3.236921127675812e-05)
(4682, 3.055574299883992e-05)
(3550, 0.00010935880376516955)
(3676, 7.926361867307248e-05)
(652, 0.00010988050017523154)
(22, 7.58405292168555e-05)
(274, 5.716631183932099e-05)
(4432, 6.214234081670087e-05)
(148, 0.00011883055064636459)
(526, 4.865793656920166e-05)
(2668, 6.024210701215608e-05)
(4054, 4.328662575288155e-05)
(3928, 0.00012497283683561737)
(2542, 3.7719503910331616e-05)
(4306, 3.201726476418047e-05)
(400, 3.2304607980997735e-05)
(2416, 0.00010041408123489716)
(4558, 3.915796467603112e-05)
(4180, 5.120021122214173e-05)
(1660, 3.835948486717722e-05)
(3802, 4.553885557720188e-05)
(2920, 3.6457108527694196e-05)
(904, 3.086848657727775e-05)
(2670, 3.531735022854792e-05)
(4056, 0.0001445022703966796)
(24, 0.00020092739610917562)
(402, 7.53007013081392e-05)
(4434, 4.6897237945441726e-05)
(3678, 0.00011042308361410752)
(276, 8.411110940281844e-05)
(150, 7.599424455796004e-05)
(3552, 5.204299518929946e-05)
(2418, 3.948779808729587e-05)
(4182, 5.315138595555857e-05)
(528, 0.00011603936212143584)
(906, 2.9873085222141705e-05)
(3930, 3.7341365228996156e-05)
(2544, 5.1973456990896864e-05)
(2796, 3.2756481573636237e-05)
(5064, 0.00010868457063992276)
(3804, 3.859340014978135e-05)
(654, 2.9737537308150507e-05)
(1284, 2.919583546111438e-05)
(4560, 3.161766730677605e-05)
(1032, 2.9321402622709853e-05)
(3554, 0.00010030718136465984)
(152, 4.33283992174662e-05)
(2420, 4.4599725335827816e-05)
(26, 8.391811191435003e-05)
(4184, 0.00047539280385917117)
(404, 7.671402279000901e-05)
(3932, 4.312287330482364e-05)
(278, 0.00014453831095652677)
(4058, 4.9655157847198404e-05)
(2546, 4.595564888810774e-05)
(3680, 4.591955401153317e-05)
(3806, 7.116017007621947e-05)
(2672, 3.7115129784625897e-05)
(530, 5.23819007532946e-05)
(782, 5.864370589101243e-05)
(4436, 3.839832750851657e-05)
(656, 3.3423221640048235e-05)
(4688, 4.222539399196728e-05)
(5192, 2.9723922728805578e-05)
(4562, 2.8835213189073167e-05)
(5822, 3.446875105765805e-05)
(28, 0.00010784850922130377)
(4186, 3.583037685018469e-05)
(3682, 3.856722975544773e-05)
(4060, 6.22449559669121e-05)
(4312, 6.836962533291262e-05)
(154, 4.342634006369303e-05)
(3934, 0.0004907924243883043)
(2548, 5.591243068219729e-05)
(4690, 4.5504402106303024e-05)
(784, 6.517554141891576e-05)
(3556, 3.51373761629157e-05)
(2422, 4.3859037356010505e-05)
(3808, 3.811674482505771e-05)
(4564, 0.00023189972585848905)
(280, 7.455312104226264e-05)
(2674, 3.6584215720977e-05)
(1162, 3.0929354451531414e-05)
(6202, 2.837808771059887e-05)
(5698, 2.826947224904816e-05)
(658, 4.1144138568331964e-05)
(3810, 0.00027805591171315596)
(4062, 5.595251530244944e-05)
(282, 3.7411654421545815e-05)
(3936, 8.262781178380928e-05)
(4440, 8.99848589979243e-05)
(4314, 4.331004344046428e-05)
(2424, 4.479517294735812e-05)
(912, 6.438631160537833e-05)
(30, 7.348352947594224e-05)
(5070, 3.842181348155032e-05)
(3684, 3.464750815070814e-05)
(2676, 4.9647556435915405e-05)
(4188, 3.841270875902014e-05)
(5826, 3.0281326026867982e-05)
(156, 5.227284047042797e-05)
(660, 3.0075705611285624e-05)
(534, 3.9632455674285864e-05)
(4566, 4.004652900695204e-05)
(2550, 3.491569117943232e-05)
(4692, 3.11022412241981e-05)
(3558, 7.213299362739296e-05)
(408, 3.217515052541675e-05)
(3560, 5.348548224547051e-05)
(2426, 0.00015934048192324987)
(32, 0.00016626336553293404)
(2678, 5.0532640206319175e-05)
(3938, 5.8519231841419625e-05)
(4568, 3.923362035860381e-05)
(158, 0.00012579829107093563)
(4190, 4.157759599513305e-05)
(2552, 6.896611505644432e-05)
(284, 3.375957468097974e-05)
(4064, 9.312856162774982e-05)
(3686, 3.0343527529887493e-05)
(662, 3.580984146429746e-05)
(4316, 4.147091199050242e-05)
(4694, 3.3039989546440834e-05)
(3812, 4.054061417382901e-05)
(4442, 3.224954881680363e-05)
(4820, 4.534593601375518e-05)
(410, 3.1261168031517205e-05)
(2554, 0.00010643326820421257)
(2428, 5.1657579925178365e-05)
(34, 0.00024182603843450194)
(4570, 6.318502260019565e-05)
(286, 8.024608757401646e-05)
(4444, 5.657476400496006e-05)
(3688, 3.6515819237914796e-05)
(3562, 6.037194759705517e-05)
(4822, 6.0087611341862356e-05)
(2680, 4.1362161553247344e-05)
(4696, 3.0868861000160033e-05)
(4192, 3.345092286289671e-05)
(4318, 3.9361435242213816e-05)
(4066, 9.445453598917583e-05)
(160, 3.967363874945655e-05)
(3940, 3.706130632647954e-05)
(3814, 4.0429955679881574e-05)
(6334, 2.882785387622787e-05)
(414, 8.538306848713028e-05)
(3690, 0.00011497441665227753)
(3942, 0.00011427142412138347)
(2430, 4.079088904589727e-05)
(4572, 4.46448520373277e-05)
(36, 6.107342573793701e-05)
(4194, 3.7157711304504504e-05)
(4446, 3.0206497925282903e-05)
(162, 3.6228891619145574e-05)
(3564, 3.7489182380337754e-05)
(288, 0.00021530680020563915)
(3816, 3.963809893290699e-05)
(666, 3.4819241359803894e-05)
(1548, 4.182348656378578e-05)
(2682, 4.4510988926467536e-05)
(2556, 4.344450158689458e-05)
(4698, 2.9013998612594192e-05)
(4824, 3.441463177119132e-05)
(4320, 2.8755800685951994e-05)
(6714, 2.8444349789667216e-05)
(2432, 3.3756790785599505e-05)
(4070, 0.00011808245462739112)
(38, 0.00018783804782753115)
(4448, 3.8215761187533414e-05)
(2558, 5.6554233286042706e-05)
(164, 7.068733809781511e-05)
(3566, 4.270051675424155e-05)
(290, 8.671299774985513e-05)
(4196, 3.551159947409117e-05)
(3692, 3.6701525206835026e-05)
(3818, 3.513976012539903e-05)
(4700, 3.148843962916888e-05)
(4574, 3.138203015788808e-05)
(1298, 5.2101717085006495e-05)
(3944, 2.902097638612992e-05)
(668, 3.514452518668846e-05)
(2684, 3.2340875087335825e-05)
(6086, 2.8732709833111264e-05)
(3946, 0.00033256857771910014)
(40, 6.831123110443312e-05)
(3820, 0.00010507140610065175)
(418, 6.274446066803107e-05)
(922, 5.81666876671823e-05)
(4198, 8.491036596071609e-05)
(4072, 0.00037181926110680036)
(166, 7.759311550896559e-05)
(2560, 2.881305540798804e-05)
(2434, 6.832113120904713e-05)
(4576, 3.0410876959704018e-05)
(3568, 3.999453742903804e-05)
(3694, 4.737551442414524e-05)
(4828, 2.937121942001763e-05)
(670, 4.1578712703513e-05)
(4702, 4.9846467120084275e-05)
(2686, 4.1935551761623754e-05)
(292, 4.1148027816690764e-05)
(4324, 2.9716180440633157e-05)
(3948, 0.0003276476864795892)
(5334, 3.592118577710509e-05)
(4074, 3.723053431050537e-05)
(420, 5.426756303293287e-05)
(672, 6.715044523589727e-05)
(168, 8.455191724095582e-05)
(4200, 0.00020213134254818324)
(3822, 5.311433038434241e-05)
(3696, 3.318492810903554e-05)
(3570, 5.162222202157455e-05)
(2436, 3.102457005325406e-05)
(42, 3.341081289707703e-05)
(294, 4.752741973065909e-05)
(4326, 3.773389086664164e-05)
(1302, 3.12757430063903e-05)
(2688, 4.071040948955844e-05)
(4704, 2.979129707775109e-05)
(4578, 3.752199324007619e-05)
(2562, 6.517355408989972e-05)
(5208, 4.4560750498886094e-05)
(2814, 3.174295969962707e-05)
(2690, 3.62344074896926e-05)
(4202, 4.8900813167591865e-05)
(170, 4.774467690602637e-05)
(422, 9.778194246142827e-05)
(548, 9.13899840938445e-05)
(4076, 3.5876388507172146e-05)
(3698, 3.116945520806587e-05)
(4580, 7.949092979186385e-05)
(3950, 6.73606707952375e-05)
(44, 9.429837598292468e-05)
(2438, 5.052917548188462e-05)
(3572, 4.561112811921788e-05)
(2564, 4.1546723388383305e-05)
(296, 4.206978911009187e-05)
(1052, 6.158441217451374e-05)
(4706, 2.8186207065314657e-05)
(1304, 3.609930395676729e-05)
(4328, 3.7012781995075896e-05)
(4454, 3.105395723184716e-05)
(5084, 3.147946933648e-05)
(3824, 3.539419206657714e-05)
(3952, 4.2980757002278514e-05)
(2692, 9.530829113512664e-05)
(4078, 5.357404693729049e-05)
(4582, 6.047465877815501e-05)
(46, 6.008973689570285e-05)
(298, 4.404979572771925e-05)
(3574, 6.598457681197707e-05)
(4204, 5.101342788062605e-05)
(2566, 5.050095669640459e-05)
(5338, 2.906095495679047e-05)
(3700, 0.00010761381386850903)
(2440, 3.965992826867847e-05)
(3826, 6.59720458219751e-05)
(802, 3.821328576106082e-05)
(4456, 3.3762330047090115e-05)
(676, 4.934096870240762e-05)
(172, 3.8808447239797183e-05)
(4708, 2.8851955888902515e-05)
(4330, 2.9893182895361585e-05)
(3322, 2.8138431261952877e-05)
(2442, 0.00011007191297743154)
(48, 0.0001318802974463445)
(426, 0.00011334826657309431)
(3828, 6.69761907570359e-05)
(3954, 3.399100536889838e-05)
(300, 0.0001336527610570703)
(4080, 4.797868481897875e-05)
(174, 0.0001126722942525577)
(2568, 3.118396425331827e-05)
(930, 3.113081324181622e-05)
(4332, 4.1238074233414446e-05)
(4206, 3.232294384006101e-05)
(5214, 3.735508212426297e-05)
(3702, 9.498114440376505e-05)
(804, 4.864513569336126e-05)
(4584, 3.412751662634087e-05)
(3576, 4.05980685125753e-05)
(2694, 3.5218041234305454e-05)
(6600, 3.044112826473052e-05)
(2444, 0.00013501774941429882)
(3830, 0.0006262100759100568)
(176, 0.00011102374958005047)
(428, 8.950174028880338e-05)
(50, 6.0484434792715976e-05)
(4208, 7.341826371733903e-05)
(302, 7.513696985807277e-05)
(3956, 7.142305451356571e-05)
(2570, 3.466961059170968e-05)
(3578, 5.649005949220654e-05)
(3704, 7.001837971859941e-05)
(2696, 3.562157032725498e-05)
(4712, 3.287703580286017e-05)
(5090, 3.1423612625393103e-05)
(4460, 3.052677795104801e-05)
(4082, 3.2121352229487e-05)
(5216, 2.9683209901716773e-05)
(4586, 3.232462833904665e-05)
(2446, 4.130606164222848e-05)
(430, 0.00014729067261913154)
(304, 0.00013999877009992357)
(3706, 7.550659930610877e-05)
(178, 0.0001570511140642717)
(52, 5.971016866867719e-05)
(556, 3.3894627941082444e-05)
(3958, 8.889691612937063e-05)
(4462, 3.896896976039511e-05)
(4840, 3.0356394475822713e-05)
(3580, 0.00041142737761951125)
(2572, 4.3697031068227525e-05)
(2698, 5.177897286408462e-05)
(4714, 0.00012892400322950923)
(3832, 4.444268607392308e-05)
(4336, 3.205284462514171e-05)
(3202, 2.8518486136037218e-05)
(4210, 3.2926720620952975e-05)
(4084, 2.9396091697818587e-05)
(306, 3.956644195643833e-05)
(4464, 0.00010287635452420597)
(432, 5.5689628928733035e-05)
(54, 5.519890516256817e-05)
(2700, 3.902864932268606e-05)
(180, 4.626657975733523e-05)
(558, 3.0158300036123738e-05)
(3834, 4.028351465677936e-05)
(3582, 3.0242475972343932e-05)
(2574, 0.00010487072808704748)
(4212, 5.337463183309852e-05)
(3708, 5.3008031171485875e-05)
(3960, 3.787061650277734e-05)
(1062, 3.555529453401698e-05)
(4214, 0.00011097225715914141)
(3962, 4.7745152505364346e-05)
(308, 4.3283173163378126e-05)
(182, 9.177619034761892e-05)
(56, 0.00010145485842432676)
(812, 4.973105811413568e-05)
(3836, 9.066295225702522e-05)
(4340, 4.2592624169487215e-05)
(4088, 3.3353330750087445e-05)
(2702, 3.7409718944834974e-05)
(3584, 3.5721025760412635e-05)
(2450, 3.884607999690942e-05)
(2576, 0.0001180462680738192)
(5348, 6.243322282100373e-05)
(686, 0.0001419639047590251)
(4466, 3.515923074466886e-05)
(3964, 0.00011512685120981233)
(184, 8.208861322611843e-05)
(436, 6.883555651458951e-05)
(4090, 9.867254246692913e-05)
(3712, 0.00017040493562479065)
(3838, 0.00013973154845788721)
(4216, 8.001785535112641e-05)
(58, 0.00013955834906263648)
(2578, 4.216766484986371e-05)
(3586, 3.7631726723100276e-05)
(4342, 4.617688669217168e-05)
(2452, 3.518978289698104e-05)
(4972, 3.0783701848619566e-05)
(310, 3.175865942979961e-05)
(2704, 3.6007997602328534e-05)
(3966, 0.00010169857767010664)
(3714, 5.7996766901833614e-05)
(2454, 3.736042220814238e-05)
(60, 7.857842696831877e-05)
(4218, 4.106650751009091e-05)
(186, 3.228050559056e-05)
(3840, 0.0009078296937921601)
(438, 8.851659580364942e-05)
(2706, 8.688815867606411e-05)
(3588, 3.163177826225608e-05)
(2580, 2.9124783082757653e-05)
(4092, 7.429198980054911e-05)
(312, 5.6607180878503854e-05)
(564, 4.081068480953301e-05)
(4344, 3.043963399086856e-05)
(188, 0.0008717689681666381)
(3590, 5.1603625696371885e-05)
(3968, 6.985414071541794e-05)
(3716, 7.626999530253022e-05)
(4094, 4.148875625736495e-05)
(62, 5.6708862698249175e-05)
(566, 4.6378584151096156e-05)
(314, 6.060159989987774e-05)
(4220, 5.328196893338133e-05)
(2456, 0.00010048165671635046)
(4724, 3.113546396269453e-05)
(440, 6.445458060357229e-05)
(3842, 4.729386672754452e-05)
(2582, 3.367774993005719e-05)
(2708, 2.9676213106827763e-05)
(3592, 3.666248229764835e-05)
(190, 0.00013823011516793696)
(2710, 5.802329615008278e-05)
(64, 7.311932398052958e-05)
(442, 4.333411407363323e-05)
(316, 4.37354360521231e-05)
(3844, 0.00011532281220246306)
(4726, 4.257895880986377e-05)
(3970, 8.158744723731362e-05)
(2584, 3.918980031498679e-05)
(4348, 0.00011814034116238523)
(694, 4.906291617676611e-05)
(2458, 3.1640465506836496e-05)
(1072, 3.4393933717844634e-05)
(568, 3.6069785206906876e-05)
(3718, 4.640352315656194e-05)
(820, 4.365346956326968e-05)
(2836, 2.886801496700345e-05)
(1450, 2.8466837798290133e-05)
(5356, 3.208216029214929e-05)
(5482, 7.845421738602188e-05)
(318, 0.00011309205958081563)
(192, 0.00015957059425191175)
(3720, 5.653992146102255e-05)
(4476, 8.767093347772493e-05)
(570, 3.2732613756405593e-05)
(2712, 3.875655744722844e-05)
(2586, 7.891567631284993e-05)
(2460, 3.406325029956358e-05)
(3594, 2.9826301133389517e-05)
(3846, 4.077604092077433e-05)
(3972, 5.8848225463122554e-05)
(66, 3.141279344202598e-05)
(4224, 3.247057688465829e-05)
(4728, 0.00014038451342959806)
(4854, 3.42939098857586e-05)
(5484, 3.6950920038753885e-05)
(1452, 2.8785553995663085e-05)
(4602, 3.1566160238299675e-05)
(5358, 3.237880557099357e-05)
(194, 0.0004420103771708073)
(3848, 8.196118377311354e-05)
(2714, 6.232624508432176e-05)
(320, 7.080203621783364e-05)
(824, 8.489385295748539e-05)
(3974, 3.6033171848318194e-05)
(68, 0.0001156250691272002)
(4226, 6.992062878035199e-05)
(4856, 3.6089907398285314e-05)
(4730, 3.687859707751558e-05)
(5108, 2.8658168231035828e-05)
(4100, 5.0962012188150924e-05)
(446, 0.00046192226523400455)
(4352, 4.6516583211345726e-05)
(2462, 3.9684955990927955e-05)
(950, 3.194486562209652e-05)
(3596, 2.8665112651616213e-05)
(572, 3.8184177749720805e-05)
(2588, 8.722264367992685e-05)
(3722, 3.63969191981427e-05)
(5360, 3.07579997738755e-05)
(5486, 2.82887045892042e-05)
(2716, 6.442506256852775e-05)
(3598, 4.0838962845400894e-05)
(5110, 3.126826914564735e-05)
(70, 0.0002027935017677916)
(4354, 2.9735348243903616e-05)
(322, 7.76282960924262e-05)
(4102, 0.00013898054691333653)
(2464, 8.493616607469702e-05)
(196, 0.00010341453207049295)
(4228, 0.00016843246099623182)
(4732, 5.27340605501216e-05)
(448, 3.707551894308507e-05)
(574, 4.291421914288538e-05)
(3976, 3.48260231109236e-05)
(3724, 3.5486784669505294e-05)
(5866, 2.923637265207635e-05)
(2590, 3.030154782561995e-05)
(3850, 3.451950072186474e-05)
(1834, 2.871956057771668e-05)
(4104, 0.000168859947728743)
(954, 4.357931088689959e-05)
(4230, 0.00014255155590444686)
(3852, 0.00010418875514430107)
(198, 7.57375923101926e-05)
(450, 0.00010210335900863358)
(576, 6.877838351692992e-05)
(2466, 7.901801009356461e-05)
(72, 9.715279262292923e-05)
(3600, 4.7270103067558624e-05)
(324, 4.6085192240180124e-05)
(4356, 4.365755157577616e-05)
(828, 4.464309106119346e-05)
(3978, 4.241707894462613e-05)
(3726, 6.234769480290745e-05)
(3222, 2.886801496700345e-05)
(4734, 4.376444346855143e-05)
(2592, 4.2643489727948886e-05)
(2718, 3.0950766448178253e-05)
(74, 0.0004744947054929375)
(3602, 0.00024956283155561695)
(3728, 5.257729759019368e-05)
(4862, 0.00011883333229729514)
(4736, 4.543738255412918e-05)
(326, 6.390361371574547e-05)
(3854, 0.00010236103852903999)
(4232, 7.124975869044393e-05)
(2468, 3.072328025207603e-05)
(3980, 0.00010014515728673507)
(200, 0.00010569865476656389)
(704, 4.51565711186465e-05)
(4358, 4.4536723200804555e-05)
(1712, 2.8481745157592792e-05)
(6374, 2.8823152174384627e-05)
(2594, 3.283467997008037e-05)
(5114, 2.9112757602065773e-05)
(3982, 0.00015668372609137804)
(76, 0.00012727557846591015)
(1084, 5.6107667243127846e-05)
(328, 4.95369498949632e-05)
(454, 3.322143776554304e-05)
(706, 4.0764212087205015e-05)
(3856, 0.00026860513014701626)
(3730, 6.511366131252454e-05)
(3604, 3.3898969265343124e-05)
(4486, 0.00015846351055556716)
(4108, 3.9486675695984944e-05)
(4234, 6.777654577748975e-05)
(202, 0.00019423984770996485)
(4864, 2.8850151775557525e-05)
(2596, 4.601888603363552e-05)
(2470, 8.044406493329479e-05)
(2974, 2.946341037840557e-05)
(6376, 2.8481745157592792e-05)
(4110, 0.00011047129996425471)
(960, 4.703422246239926e-05)
(204, 9.259631087390032e-05)
(4236, 7.936709078096925e-05)
(330, 0.00012472132693751452)
(3858, 7.29674990187399e-05)
(582, 3.655213602840493e-05)
(78, 4.6619918160738894e-05)
(3984, 8.172624261362056e-05)
(3732, 4.5217655459236974e-05)
(4866, 3.281745516850304e-05)
(3606, 0.00022156191263069652)
(456, 3.6930160450877255e-05)
(2598, 5.616586682175846e-05)
(2472, 3.143432345275777e-05)
(2976, 2.9027559228769746e-05)
(2724, 2.927904368091408e-05)
(4614, 2.921608848880836e-05)
(4112, 0.00012213093682932866)
(3608, 5.117531030209147e-05)
(3986, 9.366057211119405e-05)
(710, 4.886234166616382e-05)
(80, 9.836487302253044e-05)
(332, 4.278132325268453e-05)
(2474, 3.6702317570381317e-05)
(4868, 3.6246650793705965e-05)
(836, 2.957226003300509e-05)
(458, 3.222657870515731e-05)
(206, 2.9476115501258772e-05)
(3734, 5.183872244405992e-05)
(2600, 4.151987954360114e-05)
(3860, 4.1084478126304555e-05)
(962, 3.939372906711943e-05)
(2726, 5.276872189892968e-05)
(4238, 2.8981194675798064e-05)
(4114, 0.00012960128938352666)
(334, 8.147531873805886e-05)
(2476, 4.622083839563066e-05)
(82, 7.313133654306107e-05)
(586, 3.215575541165964e-05)
(3862, 5.726883794337225e-05)
(3736, 4.8931092607285565e-05)
(3988, 5.8388609588264195e-05)
(712, 4.3334134322939655e-05)
(1468, 3.195483508449606e-05)
(4240, 4.5967938069556545e-05)
(208, 0.00010742531188701281)
(3610, 6.090673126601118e-05)
(6130, 3.0075494136639415e-05)
(2602, 4.2758459794471526e-05)
(460, 3.4825878816369285e-05)
(5374, 3.12327269039394e-05)
(4116, 0.00012029818284083117)
(4494, 6.69768619609444e-05)
(336, 0.00010144126201923398)
(3990, 7.151513413642328e-05)
(462, 3.253051160734214e-05)
(2730, 7.392572769917787e-05)
(3864, 8.644618947947491e-05)
(84, 6.799768242969823e-05)
(3738, 5.80202331784114e-05)
(2604, 4.826614457998232e-05)
(714, 4.3197758983756445e-05)
(588, 3.362908413199876e-05)
(4242, 4.7000639278106285e-05)
(2478, 3.3061293179303914e-05)
(3612, 3.567803407834508e-05)
(210, 5.7426836834698395e-05)
(5250, 2.945375051191195e-05)
(6132, 2.8538963575588633e-05)
(4746, 2.856860294362938e-05)
(86, 0.0001442979927004468)
(2606, 4.5863727647337476e-05)
(338, 5.541110063144891e-05)
(590, 4.224392974045248e-05)
(4496, 0.00017831050236804182)
(3992, 0.0002638158538393617)
(3866, 0.0003299384571408887)
(6134, 2.8418420364479965e-05)
(2732, 7.258198420709122e-05)
(2480, 3.284268839490852e-05)
(212, 3.9213020230427893e-05)
(5126, 3.449721770288481e-05)
(4244, 8.604785766589697e-05)
(3614, 3.386202365568324e-05)
(3740, 3.703420250756384e-05)
(2984, 3.2788476525112276e-05)
(3616, 3.39089085739487e-05)
(2986, 3.6444050952478014e-05)
(340, 8.706458141759485e-05)
(88, 0.00010693749733162176)
(214, 0.00018385855590965654)
(3868, 5.402565810352889e-05)
(3994, 9.799479938360427e-05)
(2482, 8.258704901715504e-05)
(4498, 0.00012103089180368834)
(592, 0.00011231052945459272)
(3742, 6.116196578173123e-05)
(4246, 3.039225546128528e-05)
(2608, 3.0075994709647603e-05)
(5506, 2.9462532283635984e-05)
(90, 0.00010474882233051665)
(3996, 0.00016091507002198322)
(3744, 5.5394878411309896e-05)
(4248, 3.778611953067893e-05)
(342, 6.088069536965281e-05)
(3870, 0.000260970392606322)
(468, 8.127653035926829e-05)
(4374, 5.9932581947744166e-05)
(720, 5.540261800350739e-05)
(846, 4.714174922094127e-05)
(3618, 0.0001513938927866621)
(594, 3.598956580733003e-05)
(216, 3.341828437260751e-05)
(2736, 2.836359511568018e-05)
(2484, 4.501377924188695e-05)
(4878, 3.002304561314316e-05)
(6138, 2.871956057771668e-05)
(2610, 2.9434773430170294e-05)
(1098, 2.8681851424075932e-05)
(3620, 0.00015514681395282143)
(3746, 0.00021319520804088731)
(218, 0.00010279017328001605)
(848, 4.536599871001398e-05)
(1100, 3.5638696405283484e-05)
(3998, 5.3652643515685774e-05)
(92, 0.00013294140395219805)
(4880, 2.8524686176753302e-05)
(4124, 8.093135707337808e-05)
(3872, 0.00017807703955368624)
(596, 4.5418211036045306e-05)
(2486, 3.3551025486795635e-05)
(4250, 5.585178005252564e-05)
(344, 5.117890493224022e-05)
(5384, 3.218672683255668e-05)
(4376, 3.2454047938009375e-05)
(2612, 3.407657566444003e-05)
(1478, 3.16302495774146e-05)
(2108, 5.065820848880035e-05)
(3622, 8.442396787374796e-05)
(346, 6.037711765516237e-05)
(4000, 7.838756477203123e-05)
(850, 4.7040330853351155e-05)
(4252, 4.431336620645822e-05)
(220, 5.9142722464164296e-05)
(3874, 6.555426945833993e-05)
(4126, 3.214405154103012e-05)
(4504, 6.225882306269661e-05)
(94, 0.0009495015572800153)
(3748, 9.110771067225948e-05)
(472, 5.588684845126666e-05)
(724, 4.192471790905884e-05)
(4882, 2.904335640932194e-05)
(1102, 2.880638390079112e-05)
(2614, 3.470067049631292e-05)
(598, 2.8836711371607382e-05)
(4002, 6.984768653151143e-05)
(3750, 5.237057480274398e-05)
(4128, 5.916573589326017e-05)
(348, 5.8253740747027254e-05)
(600, 5.5812886609877204e-05)
(4506, 5.8261590849485335e-05)
(96, 8.349800808077953e-05)
(4254, 8.655272984431982e-05)
(2490, 3.148140721831072e-05)
(3876, 7.551983773033293e-05)
(852, 4.6601841703842025e-05)
(6270, 2.9465489616161508e-05)
(222, 0.00010565777328544354)
(2616, 3.797540933969472e-05)
(4758, 3.005253269289007e-05)
(2994, 2.886801496700345e-05)
(3624, 5.103473729004384e-05)
(4884, 3.439174906725087e-05)
(3878, 0.0003559711782243412)
(4508, 3.690575855171229e-05)
(4004, 0.0001716454176397281)
(224, 9.629498875147467e-05)
(4760, 4.690225470608841e-05)
(3626, 3.6293328626902715e-05)
(3752, 4.049435309535171e-05)
(476, 2.940142392926602e-05)
(98, 9.66609095765168e-05)
(2618, 4.0533038511343345e-05)
(4382, 7.967651777255691e-05)
(2492, 3.0031765260217446e-05)
(4130, 5.070150838783564e-05)
(4634, 3.69448442229434e-05)
(4256, 3.370573322383621e-05)
(602, 3.103942209979868e-05)
(854, 4.388496901154336e-05)
(5642, 2.8456313361352915e-05)
(2744, 3.354852215354672e-05)
(1232, 2.9485793417814552e-05)
(5012, 3.0021461981397825e-05)
(2494, 3.8753037883152696e-05)
(730, 5.984684873619231e-05)
(4006, 5.0938467062287154e-05)
(352, 5.1231968387449166e-05)
(3628, 0.00033430622649592307)
(3754, 7.69207302270986e-05)
(478, 5.234124253703764e-05)
(604, 4.61295824858703e-05)
(100, 6.636026627995934e-05)
(4132, 0.0001386320785093222)
(2620, 4.504205820351446e-05)
(3880, 9.25417643907314e-05)
(4762, 3.709651706560294e-05)
(856, 4.217955184083102e-05)
(4636, 9.23546986852099e-05)
(4510, 3.629216562234989e-05)
(226, 2.8893037696326095e-05)
(2746, 6.905380993623741e-05)
(982, 3.1164444133751235e-05)
(1360, 2.8199072617041648e-05)
(2496, 3.6812708862339554e-05)
(102, 0.0003450914964051495)
(606, 8.58638948551207e-05)
(858, 5.20402808923319e-05)
(228, 0.0003279381041850147)
(3756, 6.085862743886824e-05)
(480, 7.009048715965427e-05)
(984, 3.275998347955583e-05)
(4134, 3.211221587484852e-05)
(4008, 0.00020586019620549885)
(3630, 3.319202325389194e-05)
(2622, 3.167573735105671e-05)
(4260, 6.856170077993035e-05)
(354, 0.0001106312496562035)
(4512, 3.4723946663731115e-05)
(3882, 9.790691281598882e-05)
(732, 3.880682355208623e-05)
(4764, 2.9945681217605666e-05)
(4010, 5.519352142798724e-05)
(3632, 3.855836397632576e-05)
(2498, 3.0518623272239146e-05)
(4262, 5.325453775388515e-05)
(3758, 6.096742032598665e-05)
(104, 9.588516102398808e-05)
(356, 6.401910287054304e-05)
(3884, 0.0003810547012428187)
(4514, 3.275865854100053e-05)
(608, 5.434832398628684e-05)
(2624, 6.997368513497823e-05)
(4136, 3.9927977447976595e-05)
(230, 9.921361904865338e-05)
(4766, 2.946474006476647e-05)
(986, 3.149735641433481e-05)
(482, 2.9086051643697825e-05)
(3002, 4.219023188858326e-05)
(358, 6.476550539337916e-05)
(4264, 8.608808619153317e-05)
(3760, 5.4851780288543895e-05)
(106, 4.305994573681228e-05)
(4138, 4.7440599087398443e-05)
(4012, 7.653425013795502e-05)
(5398, 3.784812451868015e-05)
(3886, 7.349362610064577e-05)
(610, 5.0742844806008755e-05)
(3634, 3.174688631910224e-05)
(2500, 9.977519810941199e-05)
(232, 7.827665711904544e-05)
(4894, 2.8654252448200277e-05)
(4768, 6.225774616802869e-05)
(484, 5.228286108534384e-05)
(4516, 2.826970306143487e-05)
(4390, 2.889095190294636e-05)
(988, 2.854377289072472e-05)
(2626, 3.6049704863391877e-05)
(4266, 7.284658625512557e-05)
(738, 0.00023790398305733988)
(360, 6.94554653216458e-05)
(3888, 6.154408112222033e-05)
(4392, 4.409393289756241e-05)
(612, 4.1522827530699964e-05)
(4140, 0.00013413798397388132)
(108, 0.00017284413948015877)
(486, 5.082670833155172e-05)
(4518, 4.6074192475814e-05)
(3636, 4.22611748016456e-05)
(4014, 0.00016514305807724676)
(3762, 3.429639451898413e-05)
(2502, 4.051124940334661e-05)
(990, 5.639702603717538e-05)
(864, 4.378452839396439e-05)
(4896, 6.25602544359312e-05)
(2628, 4.1007709475736904e-05)
(2754, 3.59439149032721e-05)
(234, 3.732909944419472e-05)
(2504, 5.676465566380733e-05)
(4268, 5.406992449322834e-05)
(3764, 5.905371105674028e-05)
(2630, 3.862354652421783e-05)
(614, 3.1582978288225754e-05)
(4394, 4.5947670595810604e-05)
(3890, 0.0001993290649395943)
(110, 9.183873201594386e-05)
(236, 9.362873102509436e-05)
(4142, 4.656820766000293e-05)
(992, 3.0735676918493226e-05)
(3638, 2.909598795446944e-05)
(3512, 4.149848777122215e-05)
(4016, 4.045956898047871e-05)
(5024, 3.206010703291242e-05)
(1118, 3.353222765829765e-05)
(2506, 7.33912789067097e-05)
(3514, 0.00043276736288923003)
(3892, 5.124872525363962e-05)
(4270, 6.538755471444777e-05)
(2632, 4.7240910392547334e-05)
(112, 7.907552151103626e-05)
(4018, 8.616653293725913e-05)
(4648, 5.5321579903216316e-05)
(3640, 4.499135717638144e-05)
(3766, 3.870870929461498e-05)
(238, 9.880277042520124e-05)
(4144, 5.184219253551688e-05)
(1498, 2.916187026413458e-05)
(868, 3.204534751408786e-05)
(742, 3.0793004214841687e-05)
(616, 2.907023160643555e-05)
(5908, 2.889215065595646e-05)
(3516, 6.881521059233678e-05)
(2508, 0.00019558659461887698)
(366, 0.00016750446831987202)
(4272, 5.866558458494318e-05)
(4146, 6.816652920774814e-05)
(618, 4.3140473073466235e-05)
(3894, 4.800110050560821e-05)
(3642, 0.00010084360867853876)
(114, 0.0001495548403686131)
(4020, 8.0994893071561e-05)
(240, 6.599537266491601e-05)
(1878, 2.8852453899632667e-05)
(4524, 7.673099676201594e-05)
(5658, 3.0086249732812395e-05)
(3768, 4.325223938039079e-05)
(2634, 5.232832622947722e-05)
(3518, 3.706131342005738e-05)
(116, 3.947321061620454e-05)
(3896, 9.946981835101918e-05)
(4148, 0.00020398596000974204)
(368, 4.9060390406694374e-05)
(4274, 6.003386150328517e-05)
(242, 0.00019359554273918822)
(620, 3.8794747306465145e-05)
(3770, 3.674472213955228e-05)
(2510, 5.0834965405366687e-05)
(2636, 4.822881466941476e-05)
(5282, 3.507930573520263e-05)
(4652, 4.542575940162376e-05)
(3644, 2.9324844498731303e-05)
(4022, 3.227859748255813e-05)
(3646, 7.104474397576585e-05)
(3772, 6.446564222088277e-05)
(244, 0.00010489976536571658)
(370, 3.61746657330713e-05)
(4276, 7.910040600866325e-05)
(4150, 0.00010149688092868067)
(118, 0.00013991367348326989)
(2638, 4.377304009719102e-05)
(4402, 0.0002771029677936863)
(5410, 3.0605388863381304e-05)
(3520, 4.005388343065737e-05)
(2512, 4.1840592080910544e-05)
(3898, 9.708973048806091e-05)
(496, 4.142189229113862e-05)
(4528, 5.759383651753284e-05)
(4024, 2.8846906292702555e-05)
(5536, 3.0383269984483528e-05)
(6292, 4.3241563377165e-05)
(5662, 2.843395683815954e-05)
(1756, 2.8444349789667216e-05)
(2639, 5.6934042522448975e-05)
(497, 8.777910228591456e-05)
(4151, 0.00012052904493541926)
(245, 4.5008801194463e-05)
(4025, 0.00010245951609092488)
(3899, 6.26476321187028e-05)
(371, 4.937874399367506e-05)
(119, 6.632137170813497e-05)
(3521, 3.1143295807056275e-05)
(4277, 6.393528431356499e-05)
(3773, 3.225300463437494e-05)
(3647, 4.9205409888545964e-05)
(2513, 4.2713687064354556e-05)
(1757, 5.820949633749481e-05)
(5663, 2.8185724902319895e-05)
(3523, 3.480240751435232e-05)
(4027, 7.837142464923313e-05)
(3649, 4.6971812640831303e-05)
(121, 0.00011402670526409475)
(2641, 3.998001857036947e-05)
(2515, 3.969800707463706e-05)
(3901, 0.0001240517469590565)
(499, 4.858033958464848e-05)
(373, 0.00012778723359380928)
(3775, 3.6539737933042746e-05)
(4153, 0.00010581686880492364)
(247, 3.099429682826608e-05)
(4279, 6.12231165441534e-05)
(751, 3.467015614006936e-05)
(1129, 4.3883508225317164e-05)
(1381, 2.921608848880836e-05)
(4281, 0.00010701283810845555)
(4659, 6.292916149318729e-05)
(4029, 0.00010248729789390846)
(501, 5.927658665053794e-05)
(3777, 3.596324037219675e-05)
(3903, 8.260997402422317e-05)
(123, 0.00016460858693734452)
(2643, 4.007870941136807e-05)
(3525, 5.478140525561938e-05)
(3651, 3.056523596407106e-05)
(4407, 4.9816003225722924e-05)
(249, 6.935149741519479e-05)
(5919, 3.240777298427519e-05)
(4533, 4.038422604999614e-05)
(4155, 4.665622176258087e-05)
(375, 3.52305327406144e-05)
(879, 3.388941668308337e-05)
(627, 3.16067772592849e-05)
(2517, 4.084900423135996e-05)
(5289, 3.0021703212919423e-05)
(6171, 2.869258172550686e-05)
(377, 0.00035742346352321693)
(251, 0.000312970679564216)
(4283, 6.651904831587454e-05)
(4031, 5.223998885667013e-05)
(2519, 3.6387729113074714e-05)
(4157, 5.604478815059856e-05)
(1133, 3.378449804987743e-05)
(125, 0.00012723365215886346)
(3527, 0.00015336195423318474)
(3653, 2.9892373997080787e-05)
(3905, 8.734830927906913e-05)
(629, 6.259135337839325e-05)
(4409, 6.956612025260214e-05)
(2645, 3.474149965422911e-05)
(4535, 9.357242880279132e-05)
(3779, 4.296923259027665e-05)
(5291, 2.8509254071490898e-05)
(881, 2.8859079044328255e-05)
(3655, 0.00014244432663384918)
(127, 0.00023368885972389422)
(253, 0.0001297598459986643)
(3781, 0.00017924752206080664)
(3907, 6.666014887051256e-05)
(505, 0.0001157554095492898)
(883, 4.838140315408773e-05)
(4285, 4.794277813013099e-05)
(3529, 0.00011816089772402692)
(4033, 7.002388396811354e-05)
(1, 4.557893564558583e-05)
(2521, 6.758936044862422e-05)
(4537, 4.0388625255197735e-05)
(2647, 3.89436300506224e-05)
(4789, 2.997658961760564e-05)
(631, 2.9472901277656644e-05)
(4159, 4.533761980521427e-05)
(757, 0.00010274538202454928)
(3783, 4.982323883588907e-05)
(3909, 0.0003661802926190429)
(4161, 2.9275945816994098e-05)
(4539, 0.00012372214349032075)
(381, 9.777409621058438e-05)
(255, 0.00011823583345319967)
(4287, 0.00011422389951392308)
(4035, 6.066768392202827e-05)
(3, 0.00012008443931401275)
(129, 4.70073057817322e-05)
(3657, 3.4619963591209274e-05)
(1011, 3.1221993443299024e-05)
(633, 5.7640786429600204e-05)
(2523, 5.3356953941028e-05)
(3531, 7.337952115850703e-05)
(507, 4.308219607242016e-05)
(2649, 4.67723923734132e-05)
(885, 2.89056603901146e-05)
(5043, 2.9799541096463948e-05)
(383, 5.833131232516094e-05)
(3911, 7.04606387462504e-05)
(5, 8.191351065472661e-05)
(2525, 3.6816741400714416e-05)
(4289, 9.877721752521257e-05)
(635, 3.565496305541699e-05)
(257, 6.248556626402583e-05)
(4037, 0.00010411066687871164)
(4415, 0.00014582218119702035)
(6179, 2.9324946859563292e-05)
(3785, 5.0129083309549045e-05)
(131, 3.320560943653523e-05)
(3533, 3.712485946044347e-05)
(2651, 6.730133339218452e-05)
(3659, 6.716982224926952e-05)
(509, 3.238568865541356e-05)
(887, 4.988397095879702e-05)
(4541, 3.069412296200061e-05)
(5045, 3.0138783083286165e-05)
(4039, 0.0001412698782187853)
(385, 5.72028354385692e-05)
(133, 6.541481061587605e-05)
(511, 3.393022897656627e-05)
(3913, 0.000164125786993832)
(4543, 9.503078294283673e-05)
(4417, 8.648412395816764e-05)
(2527, 7.848667560854442e-05)
(3787, 3.83080568714939e-05)
(3661, 3.857908066705733e-05)
(2653, 0.00010287521732255574)
(259, 3.195526911118692e-05)
(7, 3.032573640708667e-05)
(6181, 2.837180097378706e-05)
(3535, 3.2425406714370084e-05)
(387, 4.8438938291134174e-05)
(135, 0.0002186869430531959)
(3663, 0.0002368083364469149)
(513, 3.623173586655388e-05)
(3789, 3.981308436851747e-05)
(2655, 3.96683324153928e-05)
(3915, 0.00012448534511748502)
(9, 6.284299886492379e-05)
(261, 4.419572282879552e-05)
(891, 3.074416170726672e-05)
(2403, 6.259337691348153e-05)
(3537, 4.640427523139282e-05)
(2529, 2.912115149626983e-05)
(4167, 5.895734625083528e-05)
(4041, 5.3670121414912215e-05)
(4545, 3.216518674747347e-05)
(1521, 2.8354007499344102e-05)
(4797, 3.0075494136639415e-05)
(4419, 2.826970306143487e-05)
(4295, 5.5735632274281265e-05)
(4547, 0.00015792674284508427)
(4673, 8.444874951203588e-05)
(11, 5.078586653650601e-05)
(263, 5.780132574585787e-05)
(641, 5.288017072609109e-05)
(3917, 7.30667216326997e-05)
(2657, 5.5371798379658475e-05)
(3791, 5.0848648232669404e-05)
(2531, 4.0158967871806184e-05)
(2405, 4.530742268797122e-05)
(4421, 5.720787777437282e-05)
(3035, 3.1910015231134534e-05)
(3161, 3.1451730371394326e-05)
(893, 3.4305193624568274e-05)
(3665, 3.455816040852278e-05)
(137, 2.9968863235037317e-05)
(3539, 4.796861062459434e-05)
(515, 2.840393272871074e-05)
(4045, 0.0002983632670920878)
(139, 7.474283853037549e-05)
(2659, 3.684439881173077e-05)
(643, 3.546520178039316e-05)
(3667, 8.414838590395546e-05)
(3793, 0.00016980102868793532)
(265, 4.8734251805005284e-05)
(4423, 7.285916217764301e-05)
(4297, 3.123620705451373e-05)
(3919, 0.00014897416509620097)
(4549, 0.00011135694811468878)
(1147, 3.112349411996721e-05)
(3541, 3.971610412156817e-05)
(13, 7.974066663583154e-05)
(2785, 3.177577496032538e-05)
(2407, 3.1480593974491964e-05)
(517, 3.987354994294717e-05)
(4675, 3.198315415999958e-05)
(895, 5.2372886953843595e-05)
(2533, 3.0981017126064496e-05)
(393, 8.887722329993751e-05)
(3921, 0.0001250436866970898)
(15, 5.3862541836972846e-05)
(645, 6.434682839395145e-05)
(4551, 6.377386295201832e-05)
(3669, 4.4390543762533224e-05)
(897, 3.58726365960238e-05)
(4299, 5.1849939906660624e-05)
(2535, 4.56445449629433e-05)
(141, 0.00010633132071193833)
(267, 8.331914920645555e-05)
(3795, 5.490672007003224e-05)
(4173, 8.55400722784179e-05)
(4425, 5.818768942193835e-05)
(3543, 5.3344080363434206e-05)
(1275, 2.841371159699967e-05)
(2661, 3.0716199383431323e-05)
(2409, 3.175083851519905e-05)
(5055, 2.896318328209565e-05)
(3671, 0.00015058394508940277)
(143, 0.0001229578515840499)
(3923, 8.372245277019964e-05)
(395, 6.434217085355946e-05)
(3797, 0.00014653709941045827)
(4301, 6.86315591090276e-05)
(2663, 3.240161541487232e-05)
(17, 7.76854066882995e-05)
(2411, 3.925054823170189e-05)
(269, 6.695074729018949e-05)
(3545, 3.2344721592185385e-05)
(2537, 8.584445437408732e-05)
(4679, 3.194650829785116e-05)
(4553, 2.9217977390378682e-05)
(4175, 3.5369451787428404e-05)
(1529, 2.8860892299131103e-05)
(2789, 2.8717249969759145e-05)
(4429, 2.9821508798695912e-05)
(19, 0.00010151205317089882)
(901, 6.577383132615728e-05)
(145, 0.00015197973955415558)
(3547, 7.625124126747826e-05)
(3925, 0.00013384865471044148)
(2665, 4.5880500182950296e-05)
(4051, 9.297043747920969e-05)
(4177, 5.161848976542218e-05)
(397, 5.449986627265141e-05)
(3799, 6.0216313823605524e-05)
(4681, 0.0002827635745890766)
(271, 6.027060349437157e-05)
(649, 7.11471590541936e-05)
(3673, 7.284346773127935e-05)
(4555, 2.8829337253119394e-05)
(2413, 5.272381169640505e-05)
(2539, 3.203542252628874e-05)
(1279, 3.405336452807822e-05)
(4303, 3.093538467279743e-05)
(2415, 0.00014250265534308402)
(4305, 4.866516442162128e-05)
(4431, 8.582371284611907e-05)
(21, 9.075994506127594e-05)
(651, 3.459029684609306e-05)
(4053, 4.562965821101959e-05)
(147, 0.00043512471542632246)
(3927, 0.0001318214968037293)
(525, 3.0190112734128667e-05)
(4179, 6.427407132347234e-05)
(3549, 3.7174814759024666e-05)
(3801, 5.787625890329895e-05)
(273, 3.749072457810429e-05)
(3675, 0.0004437606584309526)
(2667, 9.872114303704371e-05)
(2541, 3.968914969045928e-05)
(903, 3.2195485889174055e-05)
(4809, 6.285818482660316e-05)
(1281, 3.199260681464268e-05)
(4557, 2.857255472611196e-05)
(149, 0.00016928943321240192)
(23, 0.00013446214207239125)
(3929, 0.00025714831579806626)
(4055, 0.00019834076646936023)
(4307, 3.743199223762346e-05)
(653, 2.8712613214299186e-05)
(4181, 6.497998970734573e-05)
(527, 2.8410559834431323e-05)
(2417, 0.0001252454810343801)
(2543, 4.014854260641235e-05)
(3803, 3.239368388199006e-05)
(3551, 6.60194598128525e-05)
(2669, 5.906903303019784e-05)
(905, 3.439228250539178e-05)
(2795, 5.6682134137241154e-05)
(4559, 4.39046429603528e-05)
(275, 3.739210333659e-05)
(3677, 4.721734398562395e-05)
(1283, 2.997814392143598e-05)
(5945, 2.9782362313580925e-05)
(5693, 2.9018808044419105e-05)
(1661, 3.74171227960941e-05)
(4433, 2.9967737811893354e-05)
(3679, 9.09059855330963e-05)
(151, 0.00029313878200774705)
(25, 0.00025205455333573437)
(403, 7.547661197818028e-05)
(4435, 3.8784558574663526e-05)
(3805, 7.943764380565556e-05)
(3931, 0.00010469993408956975)
(529, 4.253877829036926e-05)
(3553, 6.916699222600266e-05)
(2671, 4.2429518165049615e-05)
(277, 6.534868268369641e-05)
(1159, 2.8895242723274318e-05)
(655, 3.9100460685257786e-05)
(4183, 4.839111682883137e-05)
(2545, 3.1419832336205084e-05)
(4939, 3.965395582841273e-05)
(2419, 8.625930119756524e-05)
(4561, 2.8950357104364416e-05)
(6325, 2.921477976472884e-05)
(153, 0.0002004941183302678)
(27, 0.00018589936595189824)
(4185, 4.173282338099768e-05)
(4311, 5.478171124141429e-05)
(405, 8.521449939033817e-05)
(2673, 6.720499385125505e-05)
(279, 3.725894206635176e-05)
(2421, 4.536840553365073e-05)
(4689, 3.070281321208466e-05)
(2547, 4.3322879214575496e-05)
(3681, 6.355458653886425e-05)
(657, 2.866312079694674e-05)
(5193, 6.586922656911314e-05)
(783, 5.146981439150033e-05)
(4563, 2.8829337253119394e-05)
(3555, 3.902793741903159e-05)
(3807, 3.230498387138718e-05)
(4187, 3.435510704422861e-05)
(3935, 5.8684610871443174e-05)
(4439, 3.77849177021086e-05)
(4565, 4.532540839041459e-05)
(3809, 0.00024016873639289138)
(2423, 6.133239754645551e-05)
(3557, 4.607768843955401e-05)
(2675, 3.518526250493252e-05)
(155, 9.878972704007364e-05)
(281, 8.429260864542877e-05)
(1163, 5.234419142943308e-05)
(29, 4.976659331553204e-05)
(2549, 4.2428158557289397e-05)
(3683, 3.7024675265398424e-05)
(407, 4.1360230694189755e-05)
(4313, 6.0917031474184695e-05)
(4691, 3.167044658972722e-05)
(659, 3.0377982581625805e-05)
(31, 0.0003120214641310307)
(157, 7.214433441149877e-05)
(2425, 3.500715642208609e-05)
(4063, 9.742267919744296e-05)
(535, 7.473865527866828e-05)
(3937, 6.854305145251366e-05)
(4945, 2.8561831896902662e-05)
(4189, 7.698239126004657e-05)
(3811, 7.174201439363668e-05)
(4441, 3.263334915430724e-05)
(4819, 4.323805072538752e-05)
(283, 0.0001030824250698031)
(4693, 3.999360813847989e-05)
(409, 9.963611079052666e-05)
(2551, 6.423217389120275e-05)
(3559, 3.453339926495834e-05)
(3685, 3.139493358893785e-05)
(661, 2.9081584391967087e-05)
(2677, 5.990739108931063e-05)
(4567, 6.142752316392552e-05)
(4315, 3.0531443662103674e-05)
(2679, 0.00010480830950095934)
(159, 0.00028745681220144424)
(4443, 0.00016457277710276618)
(4569, 2.9178452968239863e-05)
(4065, 4.602795447450659e-05)
(33, 0.0001271626725426514)
(4695, 3.0149441970876688e-05)
(3813, 5.085859306193766e-05)
(1419, 3.412606419291139e-05)
(411, 3.508521496048784e-05)
(2427, 4.383666650945646e-05)
(285, 0.00012876118064246038)
(2553, 2.8794324032905538e-05)
(3687, 6.948237887099882e-05)
(3561, 3.245516618467211e-05)
(4191, 3.077670320637694e-05)
(663, 3.0274528876652222e-05)
(4317, 2.971238922827942e-05)
(4821, 2.9078419987093834e-05)
(161, 5.456087913249969e-05)
(4445, 4.780582050631551e-05)
(1043, 5.175028076238311e-05)
(287, 7.812715190621724e-05)
(4319, 3.179512131071076e-05)
(35, 0.00018897306755889023)
(3563, 0.00023250157539551287)
(2555, 4.6102104064594e-05)
(2681, 4.7110659981832004e-05)
(3815, 4.4502995737529257e-05)
(4697, 3.0870175056191325e-05)
(4193, 4.101512315271234e-05)
(4571, 3.7877004933588846e-05)
(4823, 3.2224124088213305e-05)
(3941, 3.485673931257374e-05)
(2429, 4.511075982258706e-05)
(3689, 3.178247793743737e-05)
(6209, 3.149947603397151e-05)
(4447, 8.45619585844883e-05)
(3817, 0.00022630998454056803)
(163, 0.00018516814500100972)
(37, 0.00021873355102093733)
(667, 6.0720710069236145e-05)
(289, 3.73588710886235e-05)
(4069, 0.0002590355330051555)
(2683, 3.3983863787010557e-05)
(4195, 0.00016495544707795568)
(415, 0.00021234918374268285)
(2557, 3.842291569429478e-05)
(3691, 0.00010515008693582203)
(3943, 8.635459065499318e-05)
(2431, 3.83056920403358e-05)
(4573, 3.1022662850606017e-05)
(4699, 3.2610515431690196e-05)
(5455, 3.058341478560697e-05)
(3565, 3.773547393322956e-05)
(3819, 9.254628599680927e-05)
(3945, 0.00012425185519522334)
(2433, 6.930896021434024e-05)
(165, 8.973493362384886e-05)
(4449, 4.302096970710734e-05)
(2559, 6.096037964040932e-05)
(417, 0.00031926958485426637)
(1425, 2.913845881888413e-05)
(291, 7.041257097926859e-05)
(39, 4.303284884521079e-05)
(4071, 5.503581461243274e-05)
(2685, 3.18299988794746e-05)
(669, 3.4687889869657875e-05)
(4701, 4.3145693950484886e-05)
(1047, 3.0472479487053373e-05)
(2937, 4.675751561929875e-05)
(3693, 0.00013455019609399257)
(4323, 3.0267488346652145e-05)
(3567, 3.743857712348193e-05)
(4575, 3.17148645326548e-05)
(1299, 3.547388609323888e-05)
(1929, 3.015207365451908e-05)
(167, 0.0001353548789641445)
(41, 0.0001461054732161342)
(4199, 8.511117860367954e-05)
(293, 6.26446812535299e-05)
(545, 4.902800549734684e-05)
(2435, 0.0001845703275957479)
(2561, 8.222225006772861e-05)
(2687, 3.549840341444697e-05)
(3821, 7.672176997910428e-05)
(3695, 3.2633424993225654e-05)
(1049, 3.0426464499697068e-05)
(4703, 2.8683778823134947e-05)
(671, 3.307694400713912e-05)
(3947, 6.0171682087602305e-05)
(4577, 2.8143218697958318e-05)
(43, 0.00017461148590182637)
(169, 4.2773280687677066e-05)
(295, 2.8775376036696242e-05)
(4075, 0.0003667081560548083)
(2689, 3.217505517396481e-05)
(3823, 4.145278875361001e-05)
(421, 5.940022767967574e-05)
(4705, 3.2389749648124275e-05)
(2437, 4.479509994015288e-05)
(3697, 4.6811467971723665e-05)
(4579, 4.3718617440552995e-05)
(673, 3.611584157262895e-05)
(2563, 6.285472032521662e-05)
(3571, 4.462516118672414e-05)
(4201, 2.8897568800668144e-05)
(4327, 2.9921986609879474e-05)
(1303, 2.9548576315062404e-05)
(6217, 2.8481745157592792e-05)
(3949, 3.019209911483361e-05)
(171, 6.820212331268867e-05)
(297, 0.00012727322417539742)
(4077, 0.0001516937207639113)
(3573, 7.310112911817395e-05)
(4203, 0.0001692567645356906)
(45, 3.5324550452165026e-05)
(2439, 5.8478022283489566e-05)
(2565, 3.1157255934190724e-05)
(3699, 3.4104160626339524e-05)
(3825, 5.011682692079591e-05)
(801, 4.644254248418263e-05)
(2943, 5.9536740517539955e-05)
(423, 5.154631536484998e-05)
(4455, 3.5018861766289814e-05)
(5841, 3.798321377872638e-05)
(4581, 2.8143218697958318e-05)
(4329, 3.096306135390862e-05)
(2691, 3.06262554125573e-05)
(4707, 2.837808771059887e-05)
(425, 5.775246288554898e-05)
(299, 9.194949699807289e-05)
(3827, 9.425077133572367e-05)
(47, 0.00019402804179262208)
(2693, 6.915598119181836e-05)
(173, 8.478154239914634e-05)
(4205, 3.8305796319312255e-05)
(3701, 8.701599997793163e-05)
(4079, 5.2019262072399865e-05)
(5843, 3.360911780319656e-05)
(3953, 5.531183754871932e-05)
(4331, 3.934435322741942e-05)
(3575, 3.6695795396021034e-05)
(2567, 2.9682595335410145e-05)
(2441, 3.124155867893491e-05)
(803, 4.4818033881401594e-05)
(4709, 2.8275652134921313e-05)
(4583, 3.122786320626284e-05)
(2443, 0.00011241153559885565)
(427, 0.0001771045833471692)
(49, 8.591929126266292e-05)
(3955, 8.885380457939749e-05)
(175, 8.574342654902338e-05)
(3577, 4.521911450619497e-05)
(2695, 3.4778324724005116e-05)
(4207, 0.00012310796374729138)
(3829, 3.551462905366625e-05)
(3703, 3.8246392838483585e-05)
(805, 3.511270980753713e-05)
(5215, 3.203186432689125e-05)
(1057, 3.966261557458968e-05)
(2569, 3.610938703731711e-05)
(4585, 5.176989838041593e-05)
(4081, 3.919357336047942e-05)
(4459, 3.338501036521182e-05)
(553, 3.081908354562496e-05)
(2317, 7.146925690333236e-05)
(177, 0.0001203979226787755)
(555, 4.169790743959326e-05)
(3705, 5.006489709919834e-05)
(51, 9.707643484462354e-05)
(303, 0.00018193391414862955)
(3579, 5.514456652172425e-05)
(4839, 7.894853079846806e-05)
(4209, 5.606525062444917e-05)
(4713, 2.9991402774128094e-05)
(429, 7.129664181641309e-05)
(2697, 3.724814872926332e-05)
(4083, 4.163802122407346e-05)
(3957, 3.2782710588696695e-05)
(3831, 4.7195305346751354e-05)
(2571, 3.2337337427516726e-05)
(5091, 2.8444349789667216e-05)
(2445, 3.430719807699625e-05)
(1941, 2.9385573287139376e-05)
(4335, 2.9462748133068086e-05)
(3959, 7.990609430149035e-05)
(179, 6.598749152347348e-05)
(4463, 7.374383763249807e-05)
(431, 4.492440716983913e-05)
(53, 0.0001250615032001307)
(3581, 7.12336625684315e-05)
(2699, 3.101951216203785e-05)
(305, 3.9734931699498635e-05)
(2573, 4.552953756678037e-05)
(3833, 5.0454264032830784e-05)
(3707, 0.00013237601915594722)
(4841, 3.275465556316351e-05)
(4211, 3.8261151222436705e-05)
(5345, 3.382046607296447e-05)
(557, 3.215683962379888e-05)
(1943, 2.945560480537231e-05)
(4337, 3.3006829821233845e-05)
(2447, 4.1282773783929904e-05)
(307, 0.00013179068670083927)
(4213, 6.24757202694892e-05)
(685, 0.00010424966785183439)
(3961, 0.00011870333505350563)
(3583, 4.1687100184850564e-05)
(3835, 9.662262077827825e-05)
(55, 8.033766659363417e-05)
(4465, 3.628594884511284e-05)
(2449, 6.1128703297974e-05)
(4087, 5.6971919812676255e-05)
(2701, 4.046415651234593e-05)
(3709, 7.082135118883629e-05)
(2575, 3.960352996125997e-05)
(181, 3.212953005271366e-05)
(433, 3.3624613621035516e-05)
(559, 0.00010710959669185773)
(3711, 0.0006301024293326055)
(435, 0.0002871990675863823)
(309, 0.00014783189899702742)
(183, 9.890757183814446e-05)
(4467, 5.405569138085713e-05)
(3963, 0.0002596405166775648)
(3585, 4.988496852830672e-05)
(4089, 0.00019747877395917383)
(3837, 4.8683118102865034e-05)
(57, 4.0252383448016395e-05)
(4341, 0.00018352308651447128)
(4215, 4.152397686438944e-05)
(5979, 2.931515961618082e-05)
(2451, 5.263554240740715e-05)
(2703, 5.004291750876582e-05)
(2577, 2.9295690471506983e-05)
(437, 5.922489302451389e-05)
(59, 8.3925578048738e-05)
(3965, 3.843781049804441e-05)
(311, 5.4037235773450674e-05)
(3839, 6.148558214831375e-05)
(3713, 9.257591797186282e-05)
(4217, 3.6316460224681406e-05)
(4343, 3.279957140940855e-05)
(185, 3.3633003363681256e-05)
(4091, 0.0002607607863911699)
(2453, 6.42907743701494e-05)
(3587, 3.7178308607496615e-05)
(563, 5.5281987001202016e-05)
(2705, 3.0196274405832133e-05)
(2579, 4.39096897350785e-05)
(439, 0.00013246445912613967)
(4219, 4.2488588388807346e-05)
(313, 0.0001323095247846044)
(187, 6.217289759559624e-05)
(3967, 8.791410864190222e-05)
(3589, 3.611554957967854e-05)
(565, 3.552158866595389e-05)
(2707, 6.410282513889501e-05)
(61, 5.509014151898132e-05)
(4093, 7.253103202316796e-05)
(4723, 6.214400959891103e-05)
(2455, 5.698042335587565e-05)
(3841, 5.999990691958886e-05)
(3715, 4.323702648989892e-05)
(2833, 3.133764975595477e-05)
(1321, 3.810387601041075e-05)
(441, 0.00014627991552271084)
(3843, 0.00010755349960319712)
(315, 8.533184113808801e-05)
(5355, 2.983279384322533e-05)
(2709, 8.366034952920074e-05)
(63, 7.411153026113322e-05)
(189, 6.457057102062771e-05)
(4347, 4.118116561956433e-05)
(3969, 6.242141065354427e-05)
(4095, 5.016557267919294e-05)
(693, 4.577094535168561e-05)
(2835, 3.090786146483367e-05)
(819, 4.699484336893017e-05)
(3717, 2.9370211501320897e-05)
(3591, 0.0001316111841467718)
(4725, 3.3206122407628196e-05)
(2583, 3.929773299502572e-05)
(567, 2.8143218697958318e-05)
(2457, 3.229609071896837e-05)
(3845, 4.991891203098087e-05)
(65, 0.00011910895815999335)
(317, 0.00010734436289639433)
(3971, 9.665176171734486e-05)
(2459, 3.814094910864928e-05)
(2585, 7.056932620508417e-05)
(2711, 3.814830036012472e-05)
(1199, 3.1368764400741254e-05)
(5357, 3.026244506884631e-05)
(443, 5.125432618652399e-05)
(191, 3.6189146150871186e-05)
(3719, 6.173243268445619e-05)
(4727, 4.049588980674789e-05)
(5483, 2.8991317508491145e-05)
(695, 3.172292946641986e-05)
(569, 2.948519173562381e-05)
(947, 2.9391436986498497e-05)
(3593, 5.212523901087509e-05)
(821, 4.19563774262549e-05)
(6365, 5.350439194601784e-05)
(193, 0.00012556960285405085)
(1453, 2.919570161312835e-05)
(4351, 6.113460173763575e-05)
(2461, 5.295525761479581e-05)
(3595, 3.1037100816727e-05)
(67, 3.8000382144959206e-05)
(571, 9.570609615073857e-05)
(319, 8.48397228975611e-05)
(4729, 4.074051836293393e-05)
(3973, 7.197054547697022e-05)
(4225, 5.4235257172860866e-05)
(2713, 6.882093392535763e-05)
(3847, 3.3068307761294296e-05)
(3721, 5.5998636559178905e-05)
(2587, 2.960589718326302e-05)
(4855, 2.8534715902489252e-05)
(5485, 3.353716395592486e-05)
(1705, 2.849908608260323e-05)
(5359, 3.9323340797558626e-05)
(195, 0.0001474015290364784)
(3849, 0.00012691599837858785)
(2463, 8.305337123546245e-05)
(4353, 4.235470673457343e-05)
(4227, 4.4848692599582546e-05)
(69, 6.936889623339692e-05)
(2589, 7.466386284657463e-05)
(3597, 0.00011741327285774719)
(321, 8.459130884813603e-05)
(4101, 8.113033702192015e-05)
(3723, 4.3324830523031716e-05)
(3975, 5.857052142311237e-05)
(5109, 3.5268314416065966e-05)
(447, 6.388805125665731e-05)
(5487, 2.82887045892042e-05)
(4731, 2.9788493116347834e-05)
(5739, 2.9391436986498497e-05)
(825, 3.974565435990583e-05)
(1707, 3.284990772035857e-05)
(4481, 5.8017548826303316e-05)
(827, 2.9714754511698807e-05)
(71, 7.087194640709473e-05)
(4103, 0.00013793590287533388)
(4733, 4.390247217875343e-05)
(3851, 8.424545554495621e-05)
(4229, 5.007506981723192e-05)
(197, 0.00010594240231929991)
(3977, 3.1876514352366354e-05)
(3599, 5.653501623696064e-05)
(3725, 4.070846305468033e-05)
(2591, 8.335739539123135e-05)
(323, 6.142081365535822e-05)
(4355, 2.998794205288581e-05)
(2465, 3.290378548166827e-05)
(199, 4.355801256292388e-05)
(73, 0.0002544362597798031)
(4105, 0.00011040393887708105)
(3853, 0.00044643573000576175)
(451, 9.604553057756485e-05)
(2593, 8.689703491311625e-05)
(703, 4.122026790120284e-05)
(2467, 4.886065577730756e-05)
(3601, 6.990759342183671e-05)
(4357, 8.894406827790592e-05)
(4231, 4.5425884468405945e-05)
(3727, 0.00010225785544483687)
(4735, 3.878633916980881e-05)
(3979, 7.697492136540633e-05)
(2719, 3.9417630119041654e-05)
(325, 3.670842852872592e-05)
(955, 2.9928542030077023e-05)
(5113, 2.837808771059887e-05)
(6121, 2.95338772399779e-05)
(75, 0.00010508890621858235)
(3855, 6.094982730798213e-05)
(4737, 3.8683032423968453e-05)
(705, 4.30169493742693e-05)
(201, 0.00019196214913868635)
(3981, 7.331904168289686e-05)
(3729, 0.00011625978895744632)
(4107, 5.659869045009952e-05)
(327, 4.1530533390529746e-05)
(3603, 0.0002207163433856298)
(4863, 3.1333493643941214e-05)
(2469, 3.817219675489771e-05)
(2847, 3.377185807681349e-05)
(4233, 5.6785173214134936e-05)
(2595, 3.822967220372843e-05)
(2973, 3.332190094302911e-05)
(5115, 2.8524396433540444e-05)
(4235, 7.137085632317272e-05)
(203, 7.423836099756165e-05)
(329, 0.00025134680229171717)
(4109, 6.894100642386985e-05)
(3983, 0.00015905704069403518)
(707, 5.128249612465811e-05)
(4613, 3.373828992036878e-05)
(959, 3.0365058318815405e-05)
(3605, 3.453463044069299e-05)
(3857, 4.547105497421148e-05)
(77, 6.133520385090365e-05)
(455, 3.211191892918209e-05)
(3731, 3.7748178960292716e-05)
(2471, 3.36941525552867e-05)
(2597, 3.080594379811526e-05)
(4865, 3.815912148401562e-05)
(4991, 2.914341408656269e-05)
(1463, 3.3337445359266e-05)
(1841, 5.30959325152007e-05)
(2723, 5.3222152776885286e-05)
(2219, 5.8904564393504646e-05)
(3607, 5.013413186935393e-05)
(3859, 9.905181916517113e-05)
(79, 7.892646898037555e-05)
(961, 5.7969474668016833e-05)
(205, 6.547679219649718e-05)
(3985, 7.495928388109262e-05)
(2725, 4.684288004102437e-05)
(4111, 0.00020510435556727862)
(709, 0.00015219783314824426)
(331, 0.0001489453547869639)
(2599, 4.613093676920475e-05)
(3733, 4.52062786278176e-05)
(4489, 2.856830705301258e-05)
(4237, 2.826947224904816e-05)
(4867, 2.9208196520139336e-05)
(457, 2.918356814663325e-05)
(2473, 3.1141200811780594e-05)
(81, 0.00011907099482332806)
(207, 0.00012074847739644787)
(333, 5.2573130795802736e-05)
(3987, 4.320867246544763e-05)
(3609, 7.875591307472984e-05)
(4239, 0.00011450863690535525)
(837, 9.462574055428454e-05)
(2601, 6.731432600284901e-05)
(4113, 9.207324137034795e-05)
(963, 5.20199794004548e-05)
(3861, 6.153296862435373e-05)
(3735, 4.855007601737519e-05)
(459, 5.769116787796321e-05)
(5247, 2.8801560040522357e-05)
(711, 4.072904056711252e-05)
(2475, 4.2581113128583295e-05)
(3863, 0.00014938914529546619)
(587, 7.272529772693251e-05)
(4745, 3.2369264834108976e-05)
(4115, 0.00011100696318527991)
(461, 4.0916764470734145e-05)
(335, 3.1745984038441066e-05)
(839, 4.028823864046249e-05)
(209, 4.9037467127957814e-05)
(3989, 9.419163400942422e-05)
(83, 0.00011362480506490612)
(3611, 0.00010935476172428965)
(713, 3.322495347756834e-05)
(2477, 5.7237992525246596e-05)
(2603, 0.00011440923571262387)
(4241, 3.382504900959435e-05)
(5375, 2.852809114245534e-05)
(3737, 0.0001029934898607426)
(2729, 3.940645793969344e-05)
(6005, 2.9443922927688032e-05)
(4619, 4.8337850376934635e-05)
(3991, 0.0004561104198538499)
(85, 0.00010768577175002132)
(4369, 5.897165084431655e-05)
(211, 6.30836413578215e-05)
(4495, 7.286686239272027e-05)
(463, 3.556332677250472e-05)
(3865, 7.582957118970532e-05)
(4747, 3.020735485722936e-05)
(337, 3.2758541000774724e-05)
(715, 3.1164879325753394e-05)
(2605, 3.478583398485908e-05)
(2479, 4.5066913462202206e-05)
(589, 4.105864771609335e-05)
(3739, 7.386580487675204e-05)
(3613, 3.3029620264671546e-05)
(4117, 0.0001601574629947578)
(6133, 4.2649671109042624e-05)
(4243, 3.2736467350232e-05)
(5503, 2.8826614406501002e-05)
(339, 5.385340135816266e-05)
(4497, 3.7969916986401886e-05)
(4245, 6.195491268398635e-05)
(465, 0.00024769834156941216)
(3867, 0.00012309198664552)
(3993, 0.00015908122278064234)
(87, 7.196842004210254e-05)
(3741, 8.483067969530672e-05)
(591, 3.618026228314225e-05)
(2607, 2.9905291397924083e-05)
(1095, 6.0922671127979115e-05)
(213, 2.9649181532794886e-05)
(2733, 4.237870642082351e-05)
(4749, 3.7868459142863795e-05)
(2481, 3.419852482307318e-05)
(3995, 0.00018563552023613422)
(3869, 8.405584528204376e-05)
(4247, 4.2628504599912946e-05)
(89, 4.77583067517462e-05)
(215, 4.6751686406710307e-05)
(2609, 5.049067920202752e-05)
(467, 4.1509592968510656e-05)
(845, 5.4122927131957755e-05)
(593, 4.52900858541746e-05)
(5003, 2.8940149990554743e-05)
(3743, 6.834111061573414e-05)
(971, 3.813397490819501e-05)
(3617, 4.7584609988765774e-05)
(5633, 2.9091766033735203e-05)
(2483, 3.084948879906545e-05)
(5255, 3.666708812698257e-05)
(341, 3.117652429200478e-05)
(3491, 2.852809114245534e-05)
(4877, 3.038783513621308e-05)
(6263, 5.8629167354831094e-05)
(4625, 4.489577160903761e-05)
(3871, 5.501115613656765e-05)
(3745, 6.476979694710308e-05)
(2611, 4.198895253917075e-05)
(4249, 7.001859579084726e-05)
(343, 0.0001661089806318519)
(91, 0.00010645068821181348)
(3997, 0.00015616589956609625)
(2485, 5.1102886111734295e-05)
(847, 4.497098174101613e-05)
(595, 7.34407484899337e-05)
(217, 6.726128473660347e-05)
(3619, 7.312715025502459e-05)
(4375, 3.23042367014879e-05)
(1099, 2.8615175648068928e-05)
(4879, 3.18974043613832e-05)
(2737, 4.198196748942179e-05)
(219, 0.0002921286021292312)
(3999, 9.934558928277404e-05)
(3873, 0.0001545298921544)
(849, 3.8014237710146156e-05)
(4251, 7.337543674347496e-05)
(597, 4.320584439279244e-05)
(93, 0.0001236083741535263)
(2487, 3.096711977755396e-05)
(4125, 7.057054601996462e-05)
(3747, 4.108277993072655e-05)
(3621, 3.5360625222814846e-05)
(723, 3.0431426324948794e-05)
(2613, 3.6947195858586115e-05)
(4881, 3.3829297089647714e-05)
(1101, 3.1587669321357454e-05)
(5385, 3.393056895520924e-05)
(2739, 3.700193514929279e-05)
(345, 4.1168414553549796e-05)
(4755, 3.18102106913881e-05)
(4377, 2.9624533677572843e-05)
(3875, 0.00025066934605159474)
(221, 5.632836927934585e-05)
(95, 0.0001516565840503337)
(347, 4.9855451547887734e-05)
(4505, 4.662719037634818e-05)
(4253, 3.9619046131327045e-05)
(3749, 8.72649383244629e-05)
(2615, 3.456641537368233e-05)
(473, 3.8268671611629524e-05)
(4001, 0.00012196750845178363)
(4127, 4.064804093700145e-05)
(2489, 3.267736456546119e-05)
(5261, 4.058509979412348e-05)
(977, 2.9980129776097083e-05)
(1103, 2.866312079694674e-05)
(4883, 2.9232847832601492e-05)
(599, 3.133397298675625e-05)
(851, 3.719727113981093e-05)
(5891, 5.419858700881817e-05)
(3623, 3.0595012287294094e-05)
(2741, 7.119545803964792e-05)
(2617, 6.34300350951616e-05)
(4507, 6.04480126908518e-05)
(4633, 7.170702264401307e-05)
(3877, 9.939974933440811e-05)
(3751, 4.120606859624e-05)
(223, 8.957259604613786e-05)
(4003, 0.00019089285349254285)
(4255, 9.032548890788523e-05)
(2491, 4.59645683501323e-05)
(3625, 2.9472490933547143e-05)
(4759, 3.389004843709329e-05)
(97, 4.5585860734671354e-05)
(853, 0.0001255839206798213)
(4129, 5.245299315555452e-05)
(601, 3.773222055956888e-05)
(349, 3.462945041020723e-05)
(475, 6.189056322032085e-05)
(6271, 3.16144815666503e-05)
(3627, 6.119596260899314e-05)
(4131, 8.539566821735058e-05)
(99, 0.00040415872506943294)
(3879, 8.951260072013929e-05)
(4509, 3.33947807914434e-05)
(225, 0.0001532340268419165)
(1359, 2.915814790769746e-05)
(855, 8.781380768420671e-05)
(477, 4.072109308241549e-05)
(2619, 4.184648539462895e-05)
(2493, 3.6684441549396855e-05)
(3753, 5.3494065262128275e-05)
(4257, 4.3858603256467755e-05)
(351, 3.88443469243607e-05)
(4887, 3.1831227644530004e-05)
(4005, 0.00014181456702773817)
(5265, 2.963610429387384e-05)
(5643, 2.879103560358514e-05)
(1485, 3.216836148260489e-05)
(603, 3.867950579119132e-05)
(4635, 0.00011448307139621673)
(2745, 3.0067861331124526e-05)
(1233, 2.945395577724367e-05)
(4761, 2.848313153563595e-05)
(101, 6.823953598945094e-05)
(353, 0.000206753428449017)
(4511, 6.395865856327203e-05)
(227, 7.702889686410274e-05)
(4259, 6.064197353850318e-05)
(3755, 6.724378997125277e-05)
(4007, 5.770540113759405e-05)
(2621, 3.1787916651832746e-05)
(2747, 7.793698564601703e-05)
(3629, 2.9923963374943822e-05)
(605, 3.412710690575099e-05)
(479, 5.644810885537645e-05)
(2873, 4.319988120429054e-05)
(3881, 0.00013014094912319865)
(2495, 5.151706974893429e-05)
(857, 6.106852273063363e-05)
(5645, 2.866312079694674e-05)
(4763, 3.711398161435485e-05)
(731, 3.0001370016780182e-05)
(4009, 0.0001647775638579796)
(3883, 9.278343764044235e-05)
(4513, 6.97252649660412e-05)
(229, 4.0938493828284695e-05)
(355, 6.692988840368438e-05)
(4261, 7.254273161179877e-05)
(3757, 0.00010433355149325654)
(103, 0.0001394555393377814)
(2623, 3.6045870943810735e-05)
(3127, 2.8574527336384867e-05)
(3631, 3.384511193517002e-05)
(4135, 5.400161414100307e-05)
(481, 5.49929147673423e-05)
(607, 4.5385338165541305e-05)
(2497, 3.064455460238645e-05)
(859, 6.404405346109221e-05)
(985, 3.45508385655099e-05)
(4765, 2.880630104753058e-05)
(5521, 4.23187650882692e-05)
(3759, 0.0002779660036285508)
(3885, 5.6975534044832136e-05)
(483, 4.837464349095516e-05)
(231, 0.00010831203062212477)
(2625, 5.868415446948539e-05)
(357, 8.761155280459615e-05)
(4011, 0.00015333559697315713)
(5271, 7.595920538150916e-05)
(4263, 7.999504842331539e-05)
(5397, 3.780633906161812e-05)
(2751, 3.377373144619596e-05)
(105, 5.224618065653949e-05)
(4137, 5.939202869833271e-05)
(609, 5.1455533338703647e-05)
(987, 2.964876423610113e-05)
(3633, 3.6380142867086014e-05)
(2499, 3.3175886417704584e-05)
(1869, 3.101086242018389e-05)
(4767, 2.848313153563595e-05)
(4265, 0.00010380071511675451)
(107, 6.094155321339828e-05)
(4013, 9.441688858918118e-05)
(359, 5.0043973417398995e-05)
(4517, 0.00011192005697976792)
(233, 0.00016020932929539892)
(3635, 4.956115163908855e-05)
(3887, 0.00026323372990399947)
(1493, 2.9620172889119438e-05)
(2627, 9.710222600058013e-05)
(611, 8.902402639816385e-05)
(2501, 4.6034301241059665e-05)
(4139, 5.6828061897291754e-05)
(5399, 3.291612427938879e-05)
(4895, 3.087061960374403e-05)
(3761, 3.105028526689842e-05)
(989, 2.8357859483274637e-05)
(4015, 0.00010234021820025861)
(109, 8.971918069711843e-05)
(235, 0.00012126754595829779)
(4267, 0.0001462499376970761)
(4393, 0.00019587227998866836)
(3889, 4.5786562841655334e-05)
(2629, 4.43423621823383e-05)
(613, 5.104747627490409e-05)
(361, 7.583089135928059e-05)
(4771, 4.5767290652025855e-05)
(2503, 4.0702216633789606e-05)
(4897, 3.1911864122609534e-05)
(3763, 2.9027507430675463e-05)
(865, 6.223682306608758e-05)
(2755, 6.790461570455123e-05)
(991, 5.012521179119449e-05)
(5023, 2.897129332537971e-05)
(3637, 4.765351310479264e-05)
(111, 0.00015851288286000676)
(4143, 0.00018163308906438412)
(489, 3.734410926261549e-05)
(4017, 5.620919244400089e-05)
(741, 3.160269029055e-05)
(3891, 6.230578253679481e-05)
(3513, 5.418311833413175e-05)
(4269, 6.273462107668208e-05)
(2631, 5.843114696830083e-05)
(3765, 6.500842405417736e-05)
(615, 3.7523366938512506e-05)
(237, 3.1618400265733496e-05)
(3639, 3.30524234116939e-05)
(2505, 3.980289017139765e-05)
(1497, 2.8357859483274637e-05)
(4271, 6.116866258549253e-05)
(3893, 5.006797933735432e-05)
(3767, 7.458833138677357e-05)
(4145, 0.00011612261345534044)
(239, 6.879541996269512e-05)
(4649, 3.9773270857058475e-05)
(2633, 5.8890695761906354e-05)
(113, 4.936634405672482e-05)
(3515, 4.76987179580616e-05)
(2507, 3.493181317669571e-05)
(869, 3.234243060865123e-05)
(5657, 2.8458670856651772e-05)
(617, 3.501923224088071e-05)
(3641, 4.8299739457815285e-05)
(4019, 5.0427116933547e-05)
(365, 3.215182350842304e-05)
(6035, 3.406835101761945e-05)
(115, 0.000125243655717409)
(3895, 9.869914463339363e-05)
(4147, 7.949857017054473e-05)
(4273, 0.00010502539168687352)
(3769, 4.354075553691725e-05)
(241, 9.394600193199677e-05)
(3517, 7.722597610824532e-05)
(2635, 7.230705985552025e-05)
(619, 4.730953888823448e-05)
(2761, 3.174104265569848e-05)
(4399, 4.8721186877489845e-05)
(3643, 6.908367046910946e-05)
(5155, 4.5592766825920314e-05)
(367, 0.00010147110822480293)
(2509, 4.493265790484349e-05)
(4021, 2.849432205561155e-05)
(117, 4.337935596511143e-05)
(3897, 4.1239161816368684e-05)
(243, 0.0003409183359356974)
(4023, 6.102260651096634e-05)
(495, 6.401240012454077e-05)
(3771, 8.459302152419139e-05)
(3519, 0.0003257178054678306)
(2511, 6.307166899064162e-05)
(4275, 5.38881128270521e-05)
(4779, 5.770649546825975e-05)
(4527, 5.420034688957655e-05)
(4149, 5.234201186007681e-05)
(2637, 4.5930954984628834e-05)
(999, 4.7216876489970924e-05)
(5661, 2.8185724902319895e-05)
(369, 3.208603265046228e-05)
(4653, 2.9098586702765995e-05)
(3645, 3.2449377626168014e-05)
(3522, 6.0479006927910206e-05)
(246, 0.00019867360961838544)
(4152, 8.482158826711878e-05)
(4026, 9.630998975026778e-05)
(498, 5.61511541896821e-05)
(3774, 5.4051317226934365e-05)
(4278, 4.095005616611319e-05)
(120, 9.699176279472228e-05)
(3900, 6.293783063970716e-05)
(3648, 7.768233374656654e-05)
(1002, 5.4558356167777876e-05)
(2640, 3.898059561759342e-05)
(1128, 3.0102545537308196e-05)
(2514, 5.2222414693417466e-05)
(1884, 3.1578819689704704e-05)
(122, 7.74960511785977e-05)
(2516, 6.038168526063203e-05)
(4154, 5.65982572660517e-05)
(3524, 4.973149130401219e-05)
(4028, 0.00025865873139060654)
(500, 7.652440165842093e-05)
(3902, 7.024315181296659e-05)
(2642, 3.888338608531595e-05)
(4280, 3.823938301352824e-05)
(3776, 7.866056823487877e-05)
(3650, 4.00931880293439e-05)
(4910, 2.850918183105238e-05)
(4406, 2.969317260798953e-05)
(248, 2.8468198948732403e-05)
(1130, 2.9256687735072625e-05)
(124, 0.00011667980197833571)
(3904, 8.604581418356298e-05)
(3778, 5.212573872835772e-05)
(250, 0.00010046636915360917)
(4282, 9.328793179724406e-05)
(4408, 4.215477049389714e-05)
(3652, 7.267150652601159e-05)
(4534, 9.583112404107308e-05)
(502, 4.714078907395608e-05)
(880, 3.15069702317918e-05)
(4030, 5.094425392671435e-05)
(628, 4.7107161429255984e-05)
(5290, 3.0399227031132587e-05)
(4156, 3.431717714438565e-05)
(1132, 3.690272186427437e-05)
(2518, 3.0438096492873576e-05)
(2644, 3.849278541052436e-05)
